    1     80     -8     78     71    110    163    154    185    134    139    102     25
    2     18      9     94     60     99    177    133    179    136     81     97     15
    3     18      8     93     36     85    138    144    183    165     73     84     38
    4      9     36     63     49     67    123    156    190    154    108     85     42
    5     26     42     65     79     64    129    180    187    130    120     88     59
    6     63     59     90     78     74    115    157    176    136    131     47     80
    7     84     71     69     92     87    114    155    171    132    113     66     91
    8     66     76     54     91     94    126    153    175    108    128     49     83
    9     26     74     77     86     92    125    171    195    122    114     24     66
   10     34     52     58     62     96    111    185    176    130    112     50     63
   11     49     46     55     48     98    102    185    157    166    135     55     47
   12     74     53     67     50     87    110    177    143    165    118     55     41
   13     93     74     69     42    103    117    165    141    134    119     50     57
   14     73     62     94     36    119    129    162    139    129    106     45     50
   15     61     73     99     76    123    129    154    165    158    114     59     48
   16     72     76     94     95    109    133    171    137    150    116     67     51
   17     27     97     58    113    119    150    172    167    122     95     58     36
   18     13     82     64    130    125    137    172    158    114     99     48     55
   19     25     67     85    143    116    152    153    153    135    106     22     68
   20     26     87    105    145    127    136    173    143    142     83     33     77
   21     23    112    100    144    120    134    165    155    168    100     46     62
   22     26     96    101    145    127    139    206    162    167     90     62     69
   23      2    105     79    142    131    162    225    190    157     79     78     70
   24     22     93     62    128    128    182    231    189    161     97     86     77
   25     63     93     81    111    143    170    252    217    159     97     95     54
   26     78     98     59     94    155    150    207    199    161     91    108     43
   27     46     84     86     86    122    162    162    201    141     72     89     62
   28     23     70     89     95    116    171    167    172    140     46     77     71
   29     17 -32768     75     93    110    217    176    147    146     63     29     79
   30      6 -32768     81    102    157    171    168    175    125     70     19     63
   31    -18 -32768     82 -32768    153 -32768    180    164 -32768     76 -32768     52